20160502
20160503
20160504
20160505
20160506
20160507
20160508
20160509
20160510
20160515
20160516
20160517
20160518
20160519
20160520
20160521
20160522
20160523
20160524
20160525
20160526
20160630
20160701
20160702
20160703
20160704
20160705
20160706
20160707
20160708
20160929
20160930
20161001
20161002
20161003
20161004
20161005
20161006
20161007
20170131
20170201
20170202
20170203
20170204
20170205
20170206
20170207
20170208
20170221
20170222
20170223
20170224
20170225
20170226
20170227
20170228
20170301
20170302
20170303
20170304
20170305
20170306
20170307
20170407
20170408
20170409
20170410
20170411
20170412
20170413
20170414
20170415
20170422
20170423
20170424
20170425
20170426
20170427
20170428
20170429
20170430
20170509
20170510
20170511
20170512
20170513
20170514
20170515
20170516
20170517
20180424
20180425
20180426
20180427
20180428
20180429
20180430
20180501
20180502
20180619
20180620
20180621
20180622
20180623
20180624
20180625
20180626
20180627
20180712
20180713
20180714
20180715
20180716
20180717
20180718
20180719
20180720
20190406
20190407
20190408
20190409
20190410
20190411
20190412
20190413
20190414
20190418
20190419
20190420
20190421
20190422
20190423
20190424
20190425
20190426
20190427
20190428
20190429
20190430
20190501
20190510
20190511
20190512
20190513
20190514
20190515
20190516
20190517
20190518
20190519
20190520
20190521
20190522
20190523
20190524
20190525
20190526
20190527
20190528
20190529
20190813
20190814
20190815
20190816
20190817
20190818
20190819
20190820
20190821
20190917
20190918
20190919
20190920
20190921
20190922
20190923
20190924
20190925
20191013
20191014
20191015
20191016
20191017
20191018
20191019
20191020
20191021
20191209
20191210
20191211
20191212
20191213
20191214
20191215
20191216
20191217
20200321
20200322
20200323
20200324
20200325
20200326
20200327
20200328
20200329
20200405
20200406
20200407
20200408
20200409
20200410
20200411
20200412
20200413
20200415
20200416
20200417
20200418
20200419
20200420
20200421
20200422
20200423
20200510
20200511
20200512
20200513
20200514
20200515
20200516
20200517
20200518
20210403
20210404
20210405
20210406
20210407
20210408
20210409
20210410
20210411
20210420
20210421
20210422
20210423
20210424
20210425
20210426
20210427
20210428
20210707
20210708
20210709
20210710
20210711
20210712
20210713
20210714
20210715
20210731
20210801
20210802
20210803
20210804
20210805
20210806
20210807
20210808
20211017
20211018
20211019
20211020
20211021
20211022
20211023
20211024
20211025
20211203
20211204
20211205
20211206
20211207
20211208
20211209
20211210
20211211
20220226
20220227
20220228
20220301
20220302
20220303
20220304
20220305
20220306
20220314
20220315
20220316
20220317
20220318
20220319
20220320
20220321
20220322
20220323
20220324
20220325
20220326
20220327
20220328
20220329
20220330
20220331
20220405
20220406
20220407
20220408
20220409
20220410
20220411
20220412
20220413
20220422
20220423
20220424
20220425
20220426
20220427
20220428
20220429
20220430
20220501
20220502
20220503
20220504
20220505
20220523
20220524
20220525
20220526
20220527
20220528
20220529
20220530
20220531
20221028
20221029
20221030
20221031
20221101
20221102
20221103
20221104
20221105
20221122
20221123
20221124
20221125
20221126
20221127
20221128
20221129
20221130
20221206
20221207
20221208
20221209
20221210
20221211
20221212
20221213
20221214
20230317
20230318
20230319
20230320
20230321
20230322
20230323
20230324
20230325
20230326
20230327
20230328
20230329
20230330
20230331
20230401
20230402
20230403
20230404
20230405
20230412
20230413
20230414
20230415
20230416
20230417
20230418
20230419
20230420
20230608
20230609
20230610
20230611
20230612
20230613
20230614
20230615
20230616
20230617
20230618
20230619
20230620
20230621
20230622
20230623
20230624
20230801
20230802
20230803
20230804
20230805
20230806
20230807
20230808
20230809
20240419
20240420
20240421
20240422
20240423
20240424
20240425
20240426
20240427
20240428
20240429
20240430
20240501
20240502
20240503
20240504
20240505
20240506
20240507
20240514
20240515
20240516
20240517
20240518
20240519
20240520
20240521
20240522
20240523
20240524
20240525
20240526
20240527
20240528
20240529
20240530
20240531
20240601
20240602
20240603
20240618
20240619
20240620
20240621
20240622
20240623
20240624
20240625
20240626
20241027
20241028
20241029
20241030
20241031
20241101
20241102
20241103
20241104
20241221
20241222
20241223
20241224
20241225
20241226
20241227
20241228
20241229
