20000310
20000328
20000419
20000423
20000430
20000511
20000512
20000517
20010411
20010421
20010529
20010613
20010922
20011009
20011012
20020330
20020416
20020417
20020424
20020427
20020507
20020623
20030406
20030504
20030506
20030508
20030509
20030510
20030609
20030623
20030624
20040327
20040512
20040521
20040522
20040529
20040611
20040612
20050421
20050512
20050513
20050609
20051112
20060311
20060312
20060313
20060509
20060824
20060922
20070228
20070301
20070328
20070420
20070424
20070504
20070505
20070601
20080107
20080502
20080510
20080523
20080525
20080529
20080611
20090210
20090409
20090508
20091223
20100120
20100422
20100510
20100514
20100522
20100625
20101231
20110409
20110414
20110422
20110521
20110522
20110524
20110525
20110620
20110811
20111107
20120229
20120318
20120403
20120414
20120519
20121225
20130515
20130518
20130519
20130520
20130527
20130528
20130531
20130612
20131004
20131117
20140511
20140603
20140616
20140617
20140618
20150506
20150509
20150510
20150516
20150525
20150622
20150713
20151116
20151226
20160509
20160522
20160523
20160524
20160525
20160707
20161006
20170228
20170306
20170414
20170429
20170516
20180501
20180626
20180628
20180719
20190413
20190430
20190517
20190518
20190520
20190521
20190522
20190523
20190525
20190527
20190528
20190820
20191020
20200422
20210427
20210714
20211024
20211210
20220305
20220321
20220412
20220429
20220504
20220530
20221104
20230124
20230331
20230419
20230615
20230621
20240426
20240427
20240430
20240502
20240503
20240506
20240521
20240522
20240525
20240526
20240530
20240602
20240625
20241103
20241228
